contrast: 200.10000000000002
gamma: 68.69600000000001
mean: 228
